5.5	6.7343	1	"BAH"
6.5	6.3798	1	"BAH"
7.5	3.5443	1	"BAH"
8.5	5.671	1	"BAH"
9.5	1.7722	1	"BAH"
10.5	3.8988	1	"BAH"
11.5	3.8988	1	"BAH"
12.5	2.481	1	"BAH"
13.5	3.5443	1	"BAH"
14.5	2.481	1	"BAH"
15.5	4.2532	1	"BAH"
16.5	2.8355	1	"BAH"
17.5	1.7722	1	"BAH"
18.5	1.0633	1	"BAH"
19.5	2.8355	1	"BAH"
20.5	2.8355	1	"BAH"
21.5	0.7089	1	"BAH"
22.5	1.0633	1	"BAH"
23.5	2.481	1	"BAH"
24.5	1.7722	1	"BAH"
25.5	1.4177	1	"BAH"
26.5	1.7722	1	"BAH"
27.5	2.8355	1	"BAH"
28.5	0.3544	1	"BAH"
29.5	1.0633	1	"BAH"
30.5	1.0633	1	"BAH"
31.5	0.7089	1	"BAH"
32.5	0.3544	1	"BAH"
33.5	0.3544	1	"BAH"
34.5	1.0633	1	"BAH"
35.5	0.7089	1	"BAH"
36.5	0.7089	1	"BAH"
37.5	0.3544	1	"BAH"
38.5	0.7089	1	"BAH"
39.5	0.7089	1	"BAH"
40.5	1.4177	1	"BAH"
41.5	0.3544	1	"BAH"
42.5	0.3544	1	"BAH"
45.5	0.7089	1	"BAH"
46.5	0.7089	1	"BAH"
47.5	0.7089	1	"BAH"
48.5	0.7089	1	"BAH"
49.5	0.3544	1	"BAH"
54.5	0.3544	1	"BAH"
55.5	0.3544	1	"BAH"
56.5	0.7089	1	"BAH"
57.5	0.3544	1	"BAH"
58.5	0.3544	1	"BAH"
59.5	0.3544	1	"BAH"
61.5	0.3544	1	"BAH"
64.5	0.3544	1	"BAH"
5.5	0.3544	1	"GES"
6.5	0.3544	1	"GES"
7.5	1.7722	1	"GES"
8.5	0.7089	1	"GES"
9.5	0.7089	1	"GES"
11.5	0.3544	1	"GES"
12.5	0.3544	1	"GES"
14.5	0.3544	1	"GES"
15.5	0.3544	1	"GES"
16.5	0.3544	1	"GES"
17.5	0.7089	1	"GES"
19.5	0.3544	1	"GES"
20.5	0.7089	1	"GES"
21.5	0.3544	1	"GES"
22.5	1.0633	1	"GES"
24.5	0.7089	1	"GES"
26.5	0.7089	1	"GES"
27.5	1.0633	1	"GES"
29.5	0.7089	1	"GES"
30.5	1.0633	1	"GES"
32.5	0.7089	1	"GES"
33.5	0.7089	1	"GES"
38.5	0.3544	1	"GES"
39.5	0.3544	1	"GES"
40.5	0.3544	1	"GES"
41.5	0.7089	1	"GES"
42.5	1.4177	1	"GES"
43.5	0.7089	1	"GES"
46.5	0.7089	1	"GES"
47.5	0.3544	1	"GES"
48.5	0.3544	1	"GES"
49.5	0.7089	1	"GES"
50.5	0.3544	1	"GES"
52.5	1.0633	1	"GES"
53.5	0.7089	1	"GES"
55.5	1.0633	1	"GES"
56.5	1.7722	1	"GES"
57.5	0.3544	1	"GES"
58.5	0.3544	1	"GES"
59.5	0.7089	1	"GES"
60.5	1.0633	1	"GES"
61.5	1.7722	1	"GES"
62.5	0.7089	1	"GES"
63.5	2.1266	1	"GES"
64.5	0.3544	1	"GES"
66.5	0.7089	1	"GES"
67.5	0.3544	1	"GES"
68.5	0.3544	1	"GES"
69.5	1.4177	1	"GES"
70.5	1.4177	1	"GES"
71.5	1.4177	1	"GES"
72.5	0.7089	1	"GES"
73.5	0.3544	1	"GES"
74.5	0.7089	1	"GES"
75.5	0.3544	1	"GES"
76.5	0.7089	1	"GES"
77.5	0.7089	1	"GES"
79.5	1.0633	1	"GES"
81.5	0.3544	1	"GES"
82.5	0.3544	1	"GES"
87.5	0.3544	1	"GES"
89.5	0.3544	1	"GES"
5.5	3.8988	1	"HBU"
6.5	3.1899	1	"HBU"
7.5	3.5443	1	"HBU"
8.5	2.1266	1	"HBU"
9.5	3.1899	1	"HBU"
10.5	0.7089	1	"HBU"
11.5	1.0633	1	"HBU"
12.5	1.0633	1	"HBU"
13.5	0.7089	1	"HBU"
14.5	0.7089	1	"HBU"
15.5	1.4177	1	"HBU"
16.5	1.7722	1	"HBU"
17.5	0.3544	1	"HBU"
18.5	1.4177	1	"HBU"
19.5	1.0633	1	"HBU"
20.5	0.3544	1	"HBU"
23.5	1.0633	1	"HBU"
24.5	0.7089	1	"HBU"
25.5	0.3544	1	"HBU"
27.5	0.7089	1	"HBU"
29.5	0.3544	1	"HBU"
30.5	0.3544	1	"HBU"
31.5	0.3544	1	"HBU"
32.5	0.7089	1	"HBU"
36.5	0.3544	1	"HBU"
43.5	0.7089	1	"HBU"
45.5	0.3544	1	"HBU"
46.5	0.3544	1	"HBU"
52.5	0.3544	1	"HBU"
66.5	0.3544	1	"HBU"
69.5	0.3544	1	"HBU"
72.5	0.3544	1	"HBU"
90.5	0.3544	1	"HBU"
5.5	10.633	1	"SAH"
6.5	8.152	1	"SAH"
7.5	6.3798	1	"SAH"
8.5	4.2532	1	"SAH"
9.5	3.1899	1	"SAH"
10.5	1.4177	1	"SAH"
11.5	3.5443	1	"SAH"
12.5	3.1899	1	"SAH"
13.5	0.3544	1	"SAH"
14.5	0.7089	1	"SAH"
15.5	0.7089	1	"SAH"
16.5	1.0633	1	"SAH"
17.5	1.0633	1	"SAH"
18.5	0.7089	1	"SAH"
19.5	0.3544	1	"SAH"
20.5	1.7722	1	"SAH"
21.5	0.3544	1	"SAH"
22.5	1.4177	1	"SAH"
23.5	1.7722	1	"SAH"
24.5	1.0633	1	"SAH"
25.5	0.3544	1	"SAH"
26.5	0.3544	1	"SAH"
27.5	0.3544	1	"SAH"
28.5	1.0633	1	"SAH"
29.5	0.3544	1	"SAH"
33.5	0.3544	1	"SAH"
35.5	0.3544	1	"SAH"
37.5	0.3544	1	"SAH"
38.5	0.3544	1	"SAH"
39.5	0.3544	1	"SAH"
47.5	0.3544	1	"SAH"
48.5	0.3544	1	"SAH"
49.5	0.3544	1	"SAH"
50.5	0.3544	1	"SAH"
60.5	0.3544	1	"SAH"
84.5	0.3544	1	"SAH"
21.5	0.3544	1	"SEI"
25.5	0.3544	1	"SEI"
28.5	0.3544	1	"SEI"
30.5	0.3544	1	"SEI"
34.5	1.0633	1	"SEI"
37.5	0.3544	1	"SEI"
38.5	0.7089	1	"SEI"
39.5	0.3544	1	"SEI"
40.5	0.3544	1	"SEI"
42.5	0.7089	1	"SEI"
44.5	0.7089	1	"SEI"
45.5	1.0633	1	"SEI"
47.5	1.0633	1	"SEI"
48.5	0.7089	1	"SEI"
49.5	0.7089	1	"SEI"
50.5	0.3544	1	"SEI"
51.5	0.7089	1	"SEI"
52.5	0.7089	1	"SEI"
56.5	0.3544	1	"SEI"
57.5	0.3544	1	"SEI"
61.5	1.0633	1	"SEI"
62.5	0.7089	1	"SEI"
64.5	0.7089	1	"SEI"
66.5	0.3544	1	"SEI"
69.5	0.3544	1	"SEI"
70.5	0.3544	1	"SEI"
73.5	0.3544	1	"SEI"
77.5	0.3544	1	"SEI"
5.5	17.7217	1	"UL"
6.5	14.1774	1	"UL"
7.5	11.6963	1	"UL"
8.5	16.304	1	"UL"
9.5	14.1774	1	"UL"
10.5	14.8862	1	"UL"
11.5	4.6076	1	"UL"
12.5	6.0254	1	"UL"
13.5	7.0887	1	"UL"
14.5	5.671	1	"UL"
15.5	7.0887	1	"UL"
16.5	5.3165	1	"UL"
17.5	1.7722	1	"UL"
18.5	2.8355	1	"UL"
19.5	1.7722	1	"UL"
20.5	2.1266	1	"UL"
21.5	0.7089	1	"UL"
22.5	1.7722	1	"UL"
23.5	1.0633	1	"UL"
24.5	0.3544	1	"UL"
25.5	0.7089	1	"UL"
26.5	0.3544	1	"UL"
27.5	0.7089	1	"UL"
29.5	0.3544	1	"UL"
32.5	0.3544	1	"UL"
69.5	0.3544	1	"UL"
5.5	10.633	1	"WLI"
6.5	6.3798	1	"WLI"
7.5	3.1899	1	"WLI"
8.5	3.8988	1	"WLI"
9.5	2.481	1	"WLI"
10.5	4.2532	1	"WLI"
11.5	1.4177	1	"WLI"
12.5	1.4177	1	"WLI"
13.5	2.481	1	"WLI"
14.5	2.481	1	"WLI"
15.5	1.0633	1	"WLI"
16.5	2.481	1	"WLI"
17.5	2.8355	1	"WLI"
18.5	1.7722	1	"WLI"
19.5	1.7722	1	"WLI"
20.5	2.481	1	"WLI"
21.5	1.0633	1	"WLI"
22.5	0.7089	1	"WLI"
23.5	1.4177	1	"WLI"
24.5	0.3544	1	"WLI"
25.5	0.7089	1	"WLI"
26.5	0.7089	1	"WLI"
27.5	0.7089	1	"WLI"
28.5	0.7089	1	"WLI"
29.5	1.4177	1	"WLI"
30.5	1.7722	1	"WLI"
31.5	0.3544	1	"WLI"
32.5	1.0633	1	"WLI"
33.5	0.7089	1	"WLI"
34.5	1.0633	1	"WLI"
35.5	0.7089	1	"WLI"
38.5	0.3544	1	"WLI"
39.5	1.0633	1	"WLI"
40.5	1.0633	1	"WLI"
41.5	0.3544	1	"WLI"
42.5	0.7089	1	"WLI"
43.5	0.3544	1	"WLI"
44.5	1.0633	1	"WLI"
45.5	1.0633	1	"WLI"
46.5	0.3544	1	"WLI"
47.5	0.7089	1	"WLI"
49.5	0.3544	1	"WLI"
50.5	0.3544	1	"WLI"
52.5	0.7089	1	"WLI"
54.5	0.3544	1	"WLI"
55.5	0.3544	1	"WLI"
57.5	0.3544	1	"WLI"
62.5	0.3544	1	"WLI"
64.5	0.3544	1	"WLI"
66.5	0.3544	1	"WLI"
67.5	0.3544	1	"WLI"
68.5	0.3544	1	"WLI"
71.5	0.3544	1	"WLI"
