5.5	15.7089	1	"BAH"
6.5	11.3453	1	"BAH"
7.5	11.3453	1	"BAH"
8.5	9.5999	1	"BAH"
9.5	5.6727	1	"BAH"
10.5	4.8	1	"BAH"
11.5	5.2363	1	"BAH"
12.5	4.3636	1	"BAH"
13.5	3.0545	1	"BAH"
14.5	3.9272	1	"BAH"
15.5	0.8727	1	"BAH"
16.5	1.3091	1	"BAH"
17.5	3.0545	1	"BAH"
18.5	2.6182	1	"BAH"
19.5	2.6182	1	"BAH"
20.5	2.1818	1	"BAH"
21.5	0.4364	1	"BAH"
22.5	3.9272	1	"BAH"
23.5	0.8727	1	"BAH"
24.5	2.6182	1	"BAH"
25.5	1.7454	1	"BAH"
26.5	3.0545	1	"BAH"
27.5	1.7454	1	"BAH"
28.5	1.3091	1	"BAH"
29.5	2.1818	1	"BAH"
30.5	0.8727	1	"BAH"
31.5	0.4364	1	"BAH"
32.5	2.1818	1	"BAH"
33.5	1.7454	1	"BAH"
34.5	0.4364	1	"BAH"
35.5	1.3091	1	"BAH"
36.5	1.7454	1	"BAH"
37.5	1.3091	1	"BAH"
38.5	1.7454	1	"BAH"
39.5	2.1818	1	"BAH"
40.5	3.0545	1	"BAH"
41.5	1.7454	1	"BAH"
42.5	0.8727	1	"BAH"
43.5	4.3636	1	"BAH"
46.5	1.3091	1	"BAH"
49.5	0.8727	1	"BAH"
50.5	1.3091	1	"BAH"
51.5	0.8727	1	"BAH"
53.5	0.8727	1	"BAH"
58.5	0.4364	1	"BAH"
60.5	0.8727	1	"BAH"
61.5	0.8727	1	"BAH"
62.5	0.4364	1	"BAH"
63.5	0.4364	1	"BAH"
78.5	0.4364	1	"BAH"
11.5	0.4364	1	"GES"
12.5	0.4364	1	"GES"
17.5	0.4364	1	"GES"
18.5	0.4364	1	"GES"
19.5	0.8727	1	"GES"
20.5	0.8727	1	"GES"
21.5	0.8727	1	"GES"
22.5	0.8727	1	"GES"
23.5	0.8727	1	"GES"
24.5	0.4364	1	"GES"
25.5	0.4364	1	"GES"
26.5	1.3091	1	"GES"
27.5	0.8727	1	"GES"
28.5	0.4364	1	"GES"
29.5	0.4364	1	"GES"
31.5	0.4364	1	"GES"
33.5	0.4364	1	"GES"
35.5	0.8727	1	"GES"
37.5	0.4364	1	"GES"
41.5	1.7454	1	"GES"
42.5	1.7454	1	"GES"
44.5	0.4364	1	"GES"
45.5	0.8727	1	"GES"
46.5	0.4364	1	"GES"
47.5	2.1818	1	"GES"
48.5	0.8727	1	"GES"
49.5	0.4364	1	"GES"
50.5	0.4364	1	"GES"
51.5	1.7454	1	"GES"
52.5	0.4364	1	"GES"
54.5	1.7454	1	"GES"
55.5	1.3091	1	"GES"
56.5	1.3091	1	"GES"
57.5	1.3091	1	"GES"
58.5	0.8727	1	"GES"
59.5	1.3091	1	"GES"
60.5	3.0545	1	"GES"
61.5	1.7454	1	"GES"
62.5	1.3091	1	"GES"
63.5	0.8727	1	"GES"
64.5	1.3091	1	"GES"
65.5	1.7454	1	"GES"
66.5	0.4364	1	"GES"
67.5	1.7454	1	"GES"
68.5	0.4364	1	"GES"
69.5	1.3091	1	"GES"
70.5	0.8727	1	"GES"
71.5	0.8727	1	"GES"
72.5	0.8727	1	"GES"
73.5	0.8727	1	"GES"
74.5	0.8727	1	"GES"
77.5	0.4364	1	"GES"
78.5	0.8727	1	"GES"
79.5	0.8727	1	"GES"
80.5	0.4364	1	"GES"
81.5	0.4364	1	"GES"
82.5	0.4364	1	"GES"
83.5	0.4364	1	"GES"
89.5	0.4364	1	"GES"
92.5	0.4364	1	"GES"
5.5	0.8727	1	"HBU"
6.5	1.7454	1	"HBU"
7.5	0.4364	1	"HBU"
8.5	1.3091	1	"HBU"
10.5	0.8727	1	"HBU"
11.5	0.4364	1	"HBU"
13.5	0.8727	1	"HBU"
15.5	0.4364	1	"HBU"
20.5	0.4364	1	"HBU"
22.5	0.4364	1	"HBU"
25.5	0.4364	1	"HBU"
29.5	0.8727	1	"HBU"
30.5	0.4364	1	"HBU"
35.5	0.4364	1	"HBU"
40.5	0.8727	1	"HBU"
44.5	0.4364	1	"HBU"
51.5	0.4364	1	"HBU"
55.5	0.4364	1	"HBU"
57.5	0.4364	1	"HBU"
61.5	0.4364	1	"HBU"
69.5	0.4364	1	"HBU"
5.5	7.4181	1	"SAH"
6.5	7.4181	1	"SAH"
7.5	4.8	1	"SAH"
8.5	5.6727	1	"SAH"
9.5	5.2363	1	"SAH"
10.5	6.5454	1	"SAH"
11.5	1.3091	1	"SAH"
12.5	2.1818	1	"SAH"
13.5	1.7454	1	"SAH"
14.5	3.0545	1	"SAH"
15.5	0.4364	1	"SAH"
16.5	0.4364	1	"SAH"
17.5	1.7454	1	"SAH"
18.5	0.4364	1	"SAH"
20.5	0.8727	1	"SAH"
21.5	0.8727	1	"SAH"
22.5	0.4364	1	"SAH"
24.5	0.8727	1	"SAH"
30.5	0.4364	1	"SAH"
35.5	0.4364	1	"SAH"
38.5	0.4364	1	"SAH"
42.5	0.4364	1	"SAH"
7.5	0.4364	1	"SEI"
9.5	0.4364	1	"SEI"
11.5	0.4364	1	"SEI"
12.5	0.8727	1	"SEI"
13.5	0.4364	1	"SEI"
14.5	0.8727	1	"SEI"
16.5	1.7454	1	"SEI"
17.5	1.3091	1	"SEI"
18.5	0.4364	1	"SEI"
19.5	0.4364	1	"SEI"
21.5	0.4364	1	"SEI"
24.5	2.6182	1	"SEI"
25.5	1.3091	1	"SEI"
26.5	0.8727	1	"SEI"
29.5	0.4364	1	"SEI"
30.5	0.4364	1	"SEI"
32.5	0.4364	1	"SEI"
36.5	0.4364	1	"SEI"
40.5	0.4364	1	"SEI"
42.5	0.4364	1	"SEI"
48.5	0.4364	1	"SEI"
51.5	0.4364	1	"SEI"
54.5	0.4364	1	"SEI"
60.5	0.4364	1	"SEI"
62.5	0.4364	1	"SEI"
63.5	0.8727	1	"SEI"
66.5	0.8727	1	"SEI"
69.5	0.4364	1	"SEI"
72.5	0.8727	1	"SEI"
74.5	0.4364	1	"SEI"
98.5	0.4364	1	"SEI"
100.5	0.4364	1	"SEI"
102.5	0.4364	1	"SEI"
103.5	0.4364	1	"SEI"
105.5	0.4364	1	"SEI"
119.5	0.4364	1	"SEI"
5.5	14.3999	1	"UL"
6.5	12.2181	1	"UL"
7.5	15.7089	1	"UL"
8.5	8.2908	1	"UL"
9.5	11.7817	1	"UL"
10.5	8.7272	1	"UL"
11.5	5.2363	1	"UL"
12.5	6.109	1	"UL"
13.5	2.1818	1	"UL"
14.5	2.6182	1	"UL"
15.5	2.6182	1	"UL"
16.5	2.1818	1	"UL"
17.5	1.7454	1	"UL"
18.5	0.4364	1	"UL"
19.5	1.3091	1	"UL"
20.5	1.7454	1	"UL"
21.5	0.4364	1	"UL"
23.5	0.4364	1	"UL"
24.5	1.7454	1	"UL"
25.5	0.4364	1	"UL"
26.5	0.4364	1	"UL"
5.5	5.2363	1	"WLI"
6.5	3.4909	1	"WLI"
7.5	2.1818	1	"WLI"
8.5	2.6182	1	"WLI"
9.5	2.6182	1	"WLI"
10.5	1.3091	1	"WLI"
11.5	0.8727	1	"WLI"
12.5	2.6182	1	"WLI"
13.5	1.7454	1	"WLI"
14.5	2.1818	1	"WLI"
15.5	1.3091	1	"WLI"
16.5	2.1818	1	"WLI"
17.5	2.6182	1	"WLI"
18.5	1.3091	1	"WLI"
19.5	2.6182	1	"WLI"
20.5	1.3091	1	"WLI"
21.5	0.4364	1	"WLI"
22.5	1.7454	1	"WLI"
23.5	2.1818	1	"WLI"
24.5	1.7454	1	"WLI"
25.5	0.4364	1	"WLI"
26.5	0.4364	1	"WLI"
27.5	0.4364	1	"WLI"
28.5	1.7454	1	"WLI"
29.5	0.4364	1	"WLI"
30.5	1.7454	1	"WLI"
31.5	0.4364	1	"WLI"
32.5	0.8727	1	"WLI"
33.5	0.4364	1	"WLI"
34.5	0.8727	1	"WLI"
35.5	0.8727	1	"WLI"
36.5	2.1818	1	"WLI"
38.5	0.4364	1	"WLI"
39.5	1.3091	1	"WLI"
40.5	0.8727	1	"WLI"
42.5	0.8727	1	"WLI"
46.5	1.7454	1	"WLI"
47.5	0.4364	1	"WLI"
49.5	0.4364	1	"WLI"
50.5	0.4364	1	"WLI"
51.5	0.4364	1	"WLI"
52.5	0.4364	1	"WLI"
53.5	0.4364	1	"WLI"
54.5	0.4364	1	"WLI"
56.5	0.8727	1	"WLI"
57.5	0.4364	1	"WLI"
58.5	0.8727	1	"WLI"
63.5	0.4364	1	"WLI"
65.5	0.4364	1	"WLI"
70.5	0.4364	1	"WLI"
