5.5	1.3311	1	"BAH"
6.5	0.8874	1	"BAH"
7.5	5.7679	1	"BAH"
8.5	0.4437	1	"BAH"
9.5	0.8874	1	"BAH"
10.5	0.8874	1	"BAH"
11.5	3.9932	1	"BAH"
12.5	1.3311	1	"BAH"
13.5	0.4437	1	"BAH"
14.5	0.4437	1	"BAH"
15.5	1.3311	1	"BAH"
16.5	2.6621	1	"BAH"
17.5	1.3311	1	"BAH"
18.5	0.8874	1	"BAH"
19.5	1.7747	1	"BAH"
20.5	0.4437	1	"BAH"
21.5	0.8874	1	"BAH"
22.5	1.7747	1	"BAH"
23.5	0.8874	1	"BAH"
24.5	0.4437	1	"BAH"
25.5	0.4437	1	"BAH"
26.5	0.8874	1	"BAH"
28.5	0.8874	1	"BAH"
29.5	1.3311	1	"BAH"
30.5	0.4437	1	"BAH"
32.5	0.4437	1	"BAH"
33.5	0.8874	1	"BAH"
34.5	0.8874	1	"BAH"
36.5	0.4437	1	"BAH"
37.5	0.4437	1	"BAH"
41.5	0.8874	1	"BAH"
44.5	0.4437	1	"BAH"
46.5	0.8874	1	"BAH"
47.5	0.4437	1	"BAH"
50.5	0.4437	1	"BAH"
53.5	0.4437	1	"BAH"
65.5	0.4437	1	"BAH"
5.5	7.099	1	"FAH"
6.5	5.3242	1	"FAH"
7.5	5.7679	1	"FAH"
8.5	5.7679	1	"FAH"
9.5	3.5495	1	"FAH"
10.5	5.7679	1	"FAH"
11.5	4.4369	1	"FAH"
12.5	3.1058	1	"FAH"
13.5	4.4369	1	"FAH"
14.5	2.2184	1	"FAH"
15.5	0.8874	1	"FAH"
16.5	0.8874	1	"FAH"
17.5	1.3311	1	"FAH"
18.5	3.1058	1	"FAH"
19.5	2.6621	1	"FAH"
20.5	1.7747	1	"FAH"
21.5	1.3311	1	"FAH"
22.5	0.4437	1	"FAH"
23.5	0.8874	1	"FAH"
24.5	2.2184	1	"FAH"
25.5	0.8874	1	"FAH"
26.5	0.8874	1	"FAH"
27.5	1.3311	1	"FAH"
28.5	0.4437	1	"FAH"
29.5	0.4437	1	"FAH"
30.5	0.8874	1	"FAH"
31.5	0.4437	1	"FAH"
33.5	0.4437	1	"FAH"
36.5	0.4437	1	"FAH"
37.5	0.4437	1	"FAH"
42.5	0.4437	1	"FAH"
43.5	0.4437	1	"FAH"
45.5	0.4437	1	"FAH"
46.5	0.4437	1	"FAH"
48.5	0.4437	1	"FAH"
5.5	1.3311	1	"GES"
7.5	0.4437	1	"GES"
8.5	0.8874	1	"GES"
9.5	0.4437	1	"GES"
10.5	1.7747	1	"GES"
11.5	1.7747	1	"GES"
12.5	3.5495	1	"GES"
13.5	2.6621	1	"GES"
14.5	5.7679	1	"GES"
15.5	4.8806	1	"GES"
16.5	3.1058	1	"GES"
17.5	3.5495	1	"GES"
18.5	3.1058	1	"GES"
19.5	4.4369	1	"GES"
20.5	3.9932	1	"GES"
21.5	2.2184	1	"GES"
22.5	2.2184	1	"GES"
23.5	2.2184	1	"GES"
24.5	1.3311	1	"GES"
25.5	1.7747	1	"GES"
26.5	3.1058	1	"GES"
27.5	3.1058	1	"GES"
28.5	2.6621	1	"GES"
29.5	4.8806	1	"GES"
30.5	1.7747	1	"GES"
31.5	3.5495	1	"GES"
32.5	1.7747	1	"GES"
33.5	3.1058	1	"GES"
34.5	3.1058	1	"GES"
35.5	3.5495	1	"GES"
36.5	2.6621	1	"GES"
37.5	3.5495	1	"GES"
38.5	3.5495	1	"GES"
39.5	1.7747	1	"GES"
40.5	3.5495	1	"GES"
41.5	0.8874	1	"GES"
42.5	3.1058	1	"GES"
43.5	2.2184	1	"GES"
45.5	1.3311	1	"GES"
46.5	1.7747	1	"GES"
47.5	1.3311	1	"GES"
48.5	0.8874	1	"GES"
49.5	0.4437	1	"GES"
50.5	0.4437	1	"GES"
53.5	0.4437	1	"GES"
54.5	1.7747	1	"GES"
55.5	0.4437	1	"GES"
56.5	0.4437	1	"GES"
57.5	0.4437	1	"GES"
59.5	0.8874	1	"GES"
60.5	1.7747	1	"GES"
61.5	1.3311	1	"GES"
63.5	0.4437	1	"GES"
65.5	0.8874	1	"GES"
69.5	1.7747	1	"GES"
70.5	0.4437	1	"GES"
72.5	0.4437	1	"GES"
73.5	0.8874	1	"GES"
75.5	1.3311	1	"GES"
76.5	0.4437	1	"GES"
79.5	0.4437	1	"GES"
80.5	0.4437	1	"GES"
87.5	0.4437	1	"GES"
88.5	0.4437	1	"GES"
90.5	0.4437	1	"GES"
91.5	0.4437	1	"GES"
95.5	0.4437	1	"GES"
106.5	0.4437	1	"GES"
5.5	4.4369	1	"HBU"
6.5	2.6621	1	"HBU"
7.5	2.2184	1	"HBU"
8.5	1.7747	1	"HBU"
9.5	5.7679	1	"HBU"
10.5	1.7747	1	"HBU"
11.5	2.6621	1	"HBU"
12.5	0.8874	1	"HBU"
13.5	2.6621	1	"HBU"
14.5	3.9932	1	"HBU"
15.5	3.1058	1	"HBU"
16.5	3.5495	1	"HBU"
17.5	3.9932	1	"HBU"
18.5	2.6621	1	"HBU"
19.5	3.9932	1	"HBU"
20.5	3.1058	1	"HBU"
21.5	1.3311	1	"HBU"
22.5	2.6621	1	"HBU"
23.5	1.3311	1	"HBU"
24.5	3.1058	1	"HBU"
25.5	1.7747	1	"HBU"
26.5	1.3311	1	"HBU"
27.5	1.3311	1	"HBU"
28.5	0.8874	1	"HBU"
29.5	0.4437	1	"HBU"
30.5	1.7747	1	"HBU"
31.5	0.8874	1	"HBU"
32.5	1.3311	1	"HBU"
33.5	2.2184	1	"HBU"
34.5	0.4437	1	"HBU"
36.5	1.7747	1	"HBU"
37.5	0.4437	1	"HBU"
39.5	0.8874	1	"HBU"
43.5	0.8874	1	"HBU"
44.5	0.4437	1	"HBU"
51.5	0.4437	1	"HBU"
64.5	0.4437	1	"HBU"
72.5	0.4437	1	"HBU"
6.5	0.8874	1	"SEI"
13.5	0.4437	1	"SEI"
25.5	0.4437	1	"SEI"
26.5	0.4437	1	"SEI"
27.5	0.4437	1	"SEI"
28.5	0.4437	1	"SEI"
30.5	0.8874	1	"SEI"
31.5	0.4437	1	"SEI"
32.5	0.4437	1	"SEI"
36.5	0.4437	1	"SEI"
38.5	0.4437	1	"SEI"
39.5	0.4437	1	"SEI"
40.5	0.4437	1	"SEI"
41.5	0.4437	1	"SEI"
42.5	0.4437	1	"SEI"
43.5	0.4437	1	"SEI"
44.5	1.3311	1	"SEI"
45.5	0.4437	1	"SEI"
46.5	0.4437	1	"SEI"
47.5	0.8874	1	"SEI"
48.5	0.8874	1	"SEI"
49.5	0.8874	1	"SEI"
50.5	1.7747	1	"SEI"
52.5	0.8874	1	"SEI"
53.5	1.7747	1	"SEI"
54.5	1.3311	1	"SEI"
55.5	0.4437	1	"SEI"
57.5	0.8874	1	"SEI"
58.5	0.8874	1	"SEI"
61.5	0.4437	1	"SEI"
62.5	1.3311	1	"SEI"
63.5	0.4437	1	"SEI"
64.5	0.8874	1	"SEI"
65.5	1.3311	1	"SEI"
66.5	0.4437	1	"SEI"
68.5	0.4437	1	"SEI"
70.5	0.8874	1	"SEI"
73.5	0.4437	1	"SEI"
76.5	0.8874	1	"SEI"
80.5	0.4437	1	"SEI"
87.5	0.4437	1	"SEI"
89.5	0.4437	1	"SEI"
94.5	0.4437	1	"SEI"
101.5	0.4437	1	"SEI"
108.5	0.4437	1	"SEI"
5.5	8.4301	1	"UL"
6.5	7.9864	1	"UL"
7.5	7.9864	1	"UL"
8.5	8.8737	1	"UL"
9.5	4.8806	1	"UL"
10.5	8.4301	1	"UL"
11.5	7.5427	1	"UL"
12.5	6.6553	1	"UL"
13.5	6.2116	1	"UL"
14.5	4.8806	1	"UL"
15.5	2.6621	1	"UL"
16.5	2.6621	1	"UL"
17.5	2.2184	1	"UL"
18.5	0.8874	1	"UL"
19.5	1.3311	1	"UL"
20.5	0.4437	1	"UL"
21.5	0.8874	1	"UL"
22.5	0.8874	1	"UL"
25.5	0.4437	1	"UL"
29.5	0.4437	1	"UL"
31.5	0.4437	1	"UL"
73.5	0.4437	1	"UL"
113.5	0.4437	1	"UL"
5.5	3.5495	1	"WLI"
6.5	5.3242	1	"WLI"
7.5	3.1058	1	"WLI"
8.5	0.8874	1	"WLI"
9.5	1.3311	1	"WLI"
10.5	3.1058	1	"WLI"
11.5	2.2184	1	"WLI"
12.5	1.7747	1	"WLI"
13.5	1.3311	1	"WLI"
14.5	1.3311	1	"WLI"
15.5	1.3311	1	"WLI"
16.5	3.9932	1	"WLI"
17.5	2.2184	1	"WLI"
18.5	0.8874	1	"WLI"
19.5	0.8874	1	"WLI"
20.5	1.3311	1	"WLI"
21.5	1.3311	1	"WLI"
22.5	0.8874	1	"WLI"
23.5	0.8874	1	"WLI"
24.5	0.8874	1	"WLI"
25.5	1.7747	1	"WLI"
26.5	0.4437	1	"WLI"
27.5	0.4437	1	"WLI"
28.5	0.4437	1	"WLI"
30.5	1.3311	1	"WLI"
31.5	1.3311	1	"WLI"
32.5	0.4437	1	"WLI"
33.5	0.4437	1	"WLI"
34.5	0.4437	1	"WLI"
37.5	2.6621	1	"WLI"
38.5	0.4437	1	"WLI"
39.5	0.4437	1	"WLI"
40.5	0.4437	1	"WLI"
41.5	0.4437	1	"WLI"
46.5	0.8874	1	"WLI"
56.5	0.4437	1	"WLI"
58.5	0.4437	1	"WLI"
