5.5	10.2136	1	"BAH"
6.5	11.1017	1	"BAH"
7.5	9.7695	1	"BAH"
8.5	1.3322	1	"BAH"
9.5	4.8848	1	"BAH"
10.5	4.8848	1	"BAH"
11.5	4.8848	1	"BAH"
12.5	3.5526	1	"BAH"
13.5	2.2203	1	"BAH"
14.5	2.6644	1	"BAH"
15.5	3.9966	1	"BAH"
16.5	3.1085	1	"BAH"
17.5	3.1085	1	"BAH"
18.5	1.3322	1	"BAH"
19.5	0.8881	1	"BAH"
20.5	1.7763	1	"BAH"
21.5	0.8881	1	"BAH"
22.5	1.7763	1	"BAH"
23.5	1.3322	1	"BAH"
28.5	0.8881	1	"BAH"
30.5	1.3322	1	"BAH"
34.5	1.3322	1	"BAH"
35.5	0.4441	1	"BAH"
36.5	0.4441	1	"BAH"
37.5	0.4441	1	"BAH"
38.5	0.8881	1	"BAH"
41.5	0.4441	1	"BAH"
45.5	0.4441	1	"BAH"
54.5	0.4441	1	"BAH"
63.5	0.4441	1	"BAH"
5.5	7.5492	1	"FAH"
6.5	4.4407	1	"FAH"
7.5	6.217	1	"FAH"
8.5	3.1085	1	"FAH"
9.5	3.5526	1	"FAH"
10.5	3.9966	1	"FAH"
11.5	3.1085	1	"FAH"
12.5	2.2203	1	"FAH"
13.5	1.7763	1	"FAH"
14.5	1.7763	1	"FAH"
15.5	3.9966	1	"FAH"
16.5	3.1085	1	"FAH"
17.5	1.3322	1	"FAH"
18.5	1.7763	1	"FAH"
19.5	1.3322	1	"FAH"
20.5	1.7763	1	"FAH"
21.5	2.6644	1	"FAH"
22.5	2.2203	1	"FAH"
23.5	0.4441	1	"FAH"
25.5	0.4441	1	"FAH"
27.5	1.3322	1	"FAH"
28.5	0.4441	1	"FAH"
30.5	0.4441	1	"FAH"
31.5	0.8881	1	"FAH"
32.5	0.8881	1	"FAH"
33.5	0.4441	1	"FAH"
36.5	0.4441	1	"FAH"
37.5	0.4441	1	"FAH"
39.5	0.4441	1	"FAH"
47.5	0.4441	1	"FAH"
5.5	1.3322	1	"GES"
6.5	0.4441	1	"GES"
8.5	0.4441	1	"GES"
10.5	1.3322	1	"GES"
11.5	0.4441	1	"GES"
12.5	0.8881	1	"GES"
13.5	0.4441	1	"GES"
17.5	1.3322	1	"GES"
18.5	0.8881	1	"GES"
19.5	1.7763	1	"GES"
22.5	0.4441	1	"GES"
24.5	0.8881	1	"GES"
25.5	1.3322	1	"GES"
27.5	0.4441	1	"GES"
28.5	1.3322	1	"GES"
29.5	2.2203	1	"GES"
30.5	0.8881	1	"GES"
31.5	0.8881	1	"GES"
32.5	2.2203	1	"GES"
33.5	1.7763	1	"GES"
34.5	1.7763	1	"GES"
35.5	2.2203	1	"GES"
36.5	3.1085	1	"GES"
37.5	0.8881	1	"GES"
38.5	1.3322	1	"GES"
39.5	1.3322	1	"GES"
40.5	0.8881	1	"GES"
41.5	1.3322	1	"GES"
42.5	3.1085	1	"GES"
43.5	2.2203	1	"GES"
44.5	0.8881	1	"GES"
45.5	3.5526	1	"GES"
47.5	3.1085	1	"GES"
48.5	1.3322	1	"GES"
49.5	0.8881	1	"GES"
50.5	2.2203	1	"GES"
51.5	0.4441	1	"GES"
52.5	1.7763	1	"GES"
53.5	3.1085	1	"GES"
54.5	0.4441	1	"GES"
55.5	0.8881	1	"GES"
56.5	1.3322	1	"GES"
57.5	1.3322	1	"GES"
58.5	1.3322	1	"GES"
59.5	1.3322	1	"GES"
60.5	1.7763	1	"GES"
61.5	3.9966	1	"GES"
62.5	2.2203	1	"GES"
63.5	1.3322	1	"GES"
64.5	0.4441	1	"GES"
65.5	0.4441	1	"GES"
66.5	1.3322	1	"GES"
67.5	0.4441	1	"GES"
68.5	0.4441	1	"GES"
70.5	0.8881	1	"GES"
71.5	1.7763	1	"GES"
72.5	1.7763	1	"GES"
74.5	0.8881	1	"GES"
76.5	0.4441	1	"GES"
78.5	0.4441	1	"GES"
79.5	0.4441	1	"GES"
81.5	0.8881	1	"GES"
97.5	0.4441	1	"GES"
99.5	0.4441	1	"GES"
5.5	0.8881	1	"HBU"
6.5	1.7763	1	"HBU"
7.5	1.7763	1	"HBU"
8.5	0.8881	1	"HBU"
10.5	0.4441	1	"HBU"
11.5	0.8881	1	"HBU"
12.5	0.4441	1	"HBU"
13.5	1.7763	1	"HBU"
14.5	0.4441	1	"HBU"
15.5	1.3322	1	"HBU"
16.5	1.3322	1	"HBU"
17.5	1.7763	1	"HBU"
18.5	0.8881	1	"HBU"
19.5	1.3322	1	"HBU"
20.5	2.6644	1	"HBU"
21.5	3.5526	1	"HBU"
22.5	4.4407	1	"HBU"
23.5	3.5526	1	"HBU"
24.5	2.2203	1	"HBU"
25.5	3.5526	1	"HBU"
26.5	1.3322	1	"HBU"
27.5	0.8881	1	"HBU"
28.5	3.1085	1	"HBU"
29.5	1.3322	1	"HBU"
32.5	1.3322	1	"HBU"
33.5	0.8881	1	"HBU"
34.5	0.4441	1	"HBU"
35.5	1.7763	1	"HBU"
38.5	0.4441	1	"HBU"
42.5	0.4441	1	"HBU"
44.5	0.8881	1	"HBU"
48.5	0.4441	1	"HBU"
20.5	0.4441	1	"SEI"
21.5	0.8881	1	"SEI"
29.5	0.4441	1	"SEI"
31.5	0.8881	1	"SEI"
32.5	0.4441	1	"SEI"
35.5	0.8881	1	"SEI"
36.5	0.4441	1	"SEI"
37.5	0.4441	1	"SEI"
39.5	0.4441	1	"SEI"
40.5	0.4441	1	"SEI"
41.5	0.8881	1	"SEI"
43.5	0.4441	1	"SEI"
44.5	0.8881	1	"SEI"
45.5	0.8881	1	"SEI"
46.5	1.3322	1	"SEI"
47.5	0.4441	1	"SEI"
48.5	1.3322	1	"SEI"
49.5	0.4441	1	"SEI"
51.5	0.4441	1	"SEI"
52.5	0.4441	1	"SEI"
53.5	0.8881	1	"SEI"
55.5	0.4441	1	"SEI"
56.5	0.4441	1	"SEI"
57.5	0.4441	1	"SEI"
59.5	0.4441	1	"SEI"
63.5	0.4441	1	"SEI"
69.5	0.4441	1	"SEI"
71.5	0.4441	1	"SEI"
79.5	0.4441	1	"SEI"
5.5	9.3254	1	"UL"
6.5	13.7661	1	"UL"
7.5	10.6577	1	"UL"
8.5	10.2136	1	"UL"
9.5	6.217	1	"UL"
10.5	7.9932	1	"UL"
11.5	3.9966	1	"UL"
12.5	5.3288	1	"UL"
13.5	5.3288	1	"UL"
14.5	6.661	1	"UL"
15.5	2.6644	1	"UL"
16.5	4.4407	1	"UL"
17.5	1.3322	1	"UL"
18.5	1.3322	1	"UL"
19.5	1.3322	1	"UL"
20.5	1.7763	1	"UL"
22.5	0.4441	1	"UL"
24.5	0.4441	1	"UL"
25.5	0.4441	1	"UL"
26.5	0.8881	1	"UL"
47.5	0.4441	1	"UL"
52.5	0.4441	1	"UL"
5.5	5.3288	1	"WLI"
6.5	4.8848	1	"WLI"
7.5	5.7729	1	"WLI"
8.5	1.7763	1	"WLI"
9.5	1.3322	1	"WLI"
10.5	1.3322	1	"WLI"
11.5	0.4441	1	"WLI"
12.5	3.1085	1	"WLI"
13.5	0.8881	1	"WLI"
14.5	0.4441	1	"WLI"
16.5	0.4441	1	"WLI"
17.5	0.8881	1	"WLI"
18.5	0.4441	1	"WLI"
19.5	1.3322	1	"WLI"
22.5	0.4441	1	"WLI"
24.5	1.3322	1	"WLI"
27.5	0.4441	1	"WLI"
31.5	0.4441	1	"WLI"
33.5	0.4441	1	"WLI"
41.5	0.4441	1	"WLI"
