5.5	7.2306	1	"BAH"
6.5	4.3383	1	"BAH"
7.5	2.5307	1	"BAH"
8.5	1.4461	1	"BAH"
9.5	2.1692	1	"BAH"
10.5	2.5307	1	"BAH"
11.5	3.9768	1	"BAH"
12.5	3.2538	1	"BAH"
13.5	2.1692	1	"BAH"
14.5	3.9768	1	"BAH"
15.5	2.5307	1	"BAH"
16.5	1.0846	1	"BAH"
17.5	2.8922	1	"BAH"
18.5	2.1692	1	"BAH"
19.5	0.7231	1	"BAH"
20.5	2.1692	1	"BAH"
21.5	1.0846	1	"BAH"
22.5	1.8076	1	"BAH"
23.5	1.0846	1	"BAH"
24.5	0.3615	1	"BAH"
25.5	1.4461	1	"BAH"
26.5	1.0846	1	"BAH"
27.5	2.1692	1	"BAH"
28.5	1.8076	1	"BAH"
29.5	0.7231	1	"BAH"
30.5	0.3615	1	"BAH"
31.5	0.7231	1	"BAH"
32.5	1.0846	1	"BAH"
33.5	1.4461	1	"BAH"
34.5	2.1692	1	"BAH"
35.5	1.0846	1	"BAH"
36.5	1.0846	1	"BAH"
38.5	1.8076	1	"BAH"
39.5	0.7231	1	"BAH"
40.5	1.0846	1	"BAH"
41.5	0.7231	1	"BAH"
42.5	0.3615	1	"BAH"
43.5	0.7231	1	"BAH"
44.5	0.3615	1	"BAH"
45.5	0.7231	1	"BAH"
46.5	0.3615	1	"BAH"
47.5	0.3615	1	"BAH"
48.5	0.3615	1	"BAH"
51.5	0.3615	1	"BAH"
52.5	0.3615	1	"BAH"
54.5	0.3615	1	"BAH"
55.5	0.7231	1	"BAH"
56.5	0.3615	1	"BAH"
58.5	0.3615	1	"BAH"
59.5	0.3615	1	"BAH"
60.5	0.3615	1	"BAH"
70.5	0.3615	1	"BAH"
5.5	5.0614	1	"FAH"
6.5	2.5307	1	"FAH"
7.5	3.6153	1	"FAH"
8.5	1.4461	1	"FAH"
9.5	0.7231	1	"FAH"
10.5	2.1692	1	"FAH"
11.5	2.1692	1	"FAH"
12.5	2.1692	1	"FAH"
13.5	1.4461	1	"FAH"
14.5	1.4461	1	"FAH"
15.5	1.4461	1	"FAH"
16.5	1.4461	1	"FAH"
17.5	0.7231	1	"FAH"
18.5	1.0846	1	"FAH"
19.5	1.0846	1	"FAH"
21.5	2.1692	1	"FAH"
22.5	1.0846	1	"FAH"
23.5	0.3615	1	"FAH"
24.5	0.3615	1	"FAH"
25.5	0.3615	1	"FAH"
26.5	0.3615	1	"FAH"
27.5	0.3615	1	"FAH"
30.5	0.3615	1	"FAH"
31.5	0.3615	1	"FAH"
32.5	0.3615	1	"FAH"
38.5	0.3615	1	"FAH"
41.5	0.3615	1	"FAH"
43.5	0.3615	1	"FAH"
44.5	0.7231	1	"FAH"
52.5	0.3615	1	"FAH"
5.5	0.3615	1	"GES"
6.5	0.7231	1	"GES"
7.5	0.7231	1	"GES"
8.5	0.7231	1	"GES"
9.5	0.7231	1	"GES"
10.5	0.3615	1	"GES"
11.5	0.3615	1	"GES"
14.5	0.3615	1	"GES"
15.5	0.3615	1	"GES"
17.5	0.3615	1	"GES"
18.5	0.7231	1	"GES"
19.5	0.3615	1	"GES"
21.5	0.3615	1	"GES"
22.5	0.3615	1	"GES"
24.5	0.7231	1	"GES"
25.5	0.3615	1	"GES"
27.5	0.7231	1	"GES"
28.5	0.3615	1	"GES"
29.5	0.7231	1	"GES"
30.5	0.3615	1	"GES"
31.5	0.7231	1	"GES"
32.5	0.3615	1	"GES"
33.5	1.8076	1	"GES"
34.5	1.4461	1	"GES"
35.5	0.3615	1	"GES"
36.5	0.7231	1	"GES"
37.5	0.3615	1	"GES"
38.5	1.0846	1	"GES"
39.5	1.4461	1	"GES"
40.5	1.0846	1	"GES"
41.5	1.0846	1	"GES"
42.5	1.8076	1	"GES"
43.5	1.8076	1	"GES"
44.5	0.7231	1	"GES"
45.5	1.4461	1	"GES"
46.5	1.0846	1	"GES"
47.5	1.4461	1	"GES"
48.5	1.0846	1	"GES"
49.5	1.0846	1	"GES"
50.5	1.0846	1	"GES"
51.5	0.7231	1	"GES"
52.5	1.0846	1	"GES"
53.5	0.7231	1	"GES"
54.5	1.8076	1	"GES"
57.5	0.7231	1	"GES"
59.5	0.3615	1	"GES"
60.5	1.4461	1	"GES"
61.5	1.0846	1	"GES"
63.5	1.4461	1	"GES"
64.5	0.7231	1	"GES"
65.5	0.7231	1	"GES"
66.5	0.3615	1	"GES"
67.5	0.3615	1	"GES"
68.5	1.0846	1	"GES"
69.5	1.0846	1	"GES"
70.5	0.3615	1	"GES"
72.5	0.7231	1	"GES"
73.5	0.7231	1	"GES"
74.5	0.7231	1	"GES"
76.5	1.0846	1	"GES"
77.5	0.3615	1	"GES"
78.5	0.7231	1	"GES"
79.5	0.3615	1	"GES"
80.5	0.3615	1	"GES"
82.5	0.3615	1	"GES"
89.5	0.3615	1	"GES"
90.5	0.3615	1	"GES"
94.5	0.3615	1	"GES"
5.5	0.7231	1	"HBU"
8.5	0.7231	1	"HBU"
9.5	0.7231	1	"HBU"
10.5	0.3615	1	"HBU"
11.5	1.4461	1	"HBU"
12.5	0.3615	1	"HBU"
13.5	0.7231	1	"HBU"
14.5	0.7231	1	"HBU"
15.5	0.3615	1	"HBU"
16.5	0.7231	1	"HBU"
17.5	0.3615	1	"HBU"
18.5	0.3615	1	"HBU"
20.5	0.3615	1	"HBU"
21.5	0.7231	1	"HBU"
23.5	0.3615	1	"HBU"
24.5	0.3615	1	"HBU"
27.5	0.3615	1	"HBU"
28.5	0.7231	1	"HBU"
29.5	0.3615	1	"HBU"
30.5	0.3615	1	"HBU"
32.5	0.3615	1	"HBU"
33.5	0.3615	1	"HBU"
56.5	0.3615	1	"HBU"
59.5	0.3615	1	"HBU"
7.5	0.3615	1	"SEI"
8.5	0.3615	1	"SEI"
24.5	1.0846	1	"SEI"
25.5	0.3615	1	"SEI"
26.5	0.3615	1	"SEI"
27.5	0.7231	1	"SEI"
28.5	1.4461	1	"SEI"
29.5	0.7231	1	"SEI"
30.5	1.4461	1	"SEI"
31.5	1.8076	1	"SEI"
32.5	2.1692	1	"SEI"
33.5	1.8076	1	"SEI"
34.5	2.1692	1	"SEI"
35.5	2.5307	1	"SEI"
36.5	1.8076	1	"SEI"
37.5	2.1692	1	"SEI"
38.5	1.4461	1	"SEI"
39.5	1.4461	1	"SEI"
40.5	0.7231	1	"SEI"
41.5	2.8922	1	"SEI"
42.5	2.1692	1	"SEI"
43.5	1.8076	1	"SEI"
44.5	1.0846	1	"SEI"
45.5	1.8076	1	"SEI"
46.5	2.1692	1	"SEI"
47.5	0.7231	1	"SEI"
48.5	2.8922	1	"SEI"
49.5	2.5307	1	"SEI"
50.5	2.5307	1	"SEI"
51.5	1.8076	1	"SEI"
52.5	1.4461	1	"SEI"
53.5	1.0846	1	"SEI"
54.5	2.1692	1	"SEI"
55.5	0.7231	1	"SEI"
56.5	1.4461	1	"SEI"
57.5	0.3615	1	"SEI"
58.5	1.4461	1	"SEI"
59.5	0.3615	1	"SEI"
60.5	0.3615	1	"SEI"
61.5	0.7231	1	"SEI"
62.5	0.3615	1	"SEI"
63.5	0.7231	1	"SEI"
65.5	0.7231	1	"SEI"
67.5	0.3615	1	"SEI"
72.5	0.3615	1	"SEI"
74.5	0.3615	1	"SEI"
77.5	0.3615	1	"SEI"
80.5	0.3615	1	"SEI"
5.5	16.2688	1	"UL"
6.5	13.3766	1	"UL"
7.5	12.292	1	"UL"
8.5	9.7613	1	"UL"
9.5	5.0614	1	"UL"
10.5	7.2306	1	"UL"
11.5	4.6999	1	"UL"
12.5	3.2538	1	"UL"
13.5	1.8076	1	"UL"
14.5	5.7845	1	"UL"
15.5	1.8076	1	"UL"
16.5	2.5307	1	"UL"
17.5	1.8076	1	"UL"
18.5	2.1692	1	"UL"
20.5	1.0846	1	"UL"
22.5	0.3615	1	"UL"
23.5	0.3615	1	"UL"
24.5	0.3615	1	"UL"
25.5	0.7231	1	"UL"
26.5	0.3615	1	"UL"
37.5	0.3615	1	"UL"
5.5	1.0846	1	"WLI"
6.5	2.1692	1	"WLI"
7.5	1.8076	1	"WLI"
8.5	1.0846	1	"WLI"
9.5	2.1692	1	"WLI"
10.5	1.4461	1	"WLI"
11.5	0.3615	1	"WLI"
12.5	0.3615	1	"WLI"
13.5	0.7231	1	"WLI"
14.5	0.3615	1	"WLI"
15.5	0.3615	1	"WLI"
17.5	1.4461	1	"WLI"
18.5	0.7231	1	"WLI"
19.5	0.3615	1	"WLI"
20.5	0.7231	1	"WLI"
23.5	0.7231	1	"WLI"
24.5	0.7231	1	"WLI"
25.5	0.3615	1	"WLI"
26.5	1.0846	1	"WLI"
27.5	1.0846	1	"WLI"
28.5	0.3615	1	"WLI"
29.5	0.3615	1	"WLI"
30.5	1.0846	1	"WLI"
31.5	0.3615	1	"WLI"
33.5	0.3615	1	"WLI"
34.5	0.3615	1	"WLI"
35.5	0.3615	1	"WLI"
36.5	0.3615	1	"WLI"
37.5	0.3615	1	"WLI"
39.5	0.3615	1	"WLI"
40.5	0.7231	1	"WLI"
41.5	0.7231	1	"WLI"
42.5	0.3615	1	"WLI"
46.5	0.3615	1	"WLI"
48.5	0.3615	1	"WLI"
61.5	0.3615	1	"WLI"
